954
953
954
A99
954
954
853
A54
954
A54
843
A99
954
A54
954
954
743
743
843
BA9
B64
743
633
632
743
743
843
A99
954
743
743
743
743
843
632
A99
954
743
743
733
743
743
743
A99
843
853
743
843
A88
988
988
B99
988
988
988
988
988
A88
988
BA9
988
988
988
A98
843
954
954
954
954
953
954
A99
A54
A54
954
954
954
954
954
A99
954
743
954
743
632
743
743
A99
954
743
733
743
632
743
743
B99
954
632
843
633
743
632
743
BA9
A54
633
843
743
743
743
743
A99
988
988
988
988
988
A88
988
B99
988
988
988
988
988
988
988
B99
954
954
954
A99
954
954
A54
B64
954
954
954
A99
954
954
B64
743
743
743
743
A99
954
743
743
743
843
843
743
A99
954
843
743
743
843
743
843
BA9
954
743
532
743
632
843
743
A99
954
743
843
743
988
988
987
B99
988
988
988
988
988
988
988
BA9
988
A88
988
988
954
954
A54
954
954
954
953
A99
954
B64
954
954
954
954
954
BA9
954
743
743
743
743
743
632
A99
954
743
743
743
743
743
843
A99
954
632
843
743
743
743
743
B99
954
743
743
743
843
743
843
A99
988
988
988
988
988
988
988
B99
A88
988
988
988
A88
988
988
A99
