777
666
666
BBB
AAA
777
777
AAA
AAA
777
666
555
555
666
AAA
BBB
888
666
AAA
AAA
888
666
AAA
888
BBB
888
888
666
666
AAA
777
777
666
AAA
777
777
777
555
AAA
999
777
777
888
555
666
666
999
888
666
666
999
777
777
555
777
888
888
777
555
555
AAA
666
666
555
999
AAA
555
555
555
555
666
777
555
555
AAA
999
777
777
666
666
AAA
777
777
AAA
AAA
AAA
666
555
666
BBB
999
777
888
777
888
666
777
888
555
999
888
777
777
666
666
666
777
888
888
999
555
555
777
777
777
555
444
444
555
888
AAA
888
555
666
777
555
555
666
666
AAA
AAA
AAA
888
555
AAA
999
AAA
AAA
999
666
999
888
666
666
666
777
888
777
888
555
666
777
AAA
AAA
666
777
444
666
AAA
AAA
555
555
888
777
555
666
666
666
555
777
777
555
666
AAA
AAA
888
555
666
555
555
666
AAA
AAA
888
777
555
666
666
AAA
888
999
777
666
999
999
999
555
777
AAA
888
AAA
AAA
666
666
AAA
888
888
555
AAA
AAA
888
888
666
666
555
666
777
888
777
666
777
888
777
555
666
888
AAA
777
777
777
777
555
555
555
777
666
666
555
555
666
888
555
777
888
777
555
666
AAA
777
777
555
666
AAA
AAA
666
888
